********************************************
Simulation started at  : 2009-09-16 12:50:18
SNR = 40.000000
BER = 8.089910e-002
FER = 2.702703e-001
Thr = 0.931945
