SNR = 6.000000
BER = 8.879880e-002
SNR = 7.000000
BER = 2.359256e-003
SNR = 8.000000
BER = 3.498179e-004
SNR = 9.000000
BER = 8.976190e-005

8.879880e-002
2.359256e-003
3.498179e-004
8.976190e-005
2.141455e-5