
SNR = 6.000000
BER = 1.040465e-004
Pe[0] = 5.472975%
Pe[1] = 6.692225%
Pe[2] = 5.876662%
Pe[3] = 6.230002%
Pe[4] = 7.301243%
Pe[5] = 5.786583%
Pe[6] = 4.892770%
Pe[7] = 4.967684%
Pe[8] = 5.086576%
Pe[9] = 5.332549%

Pe[10] = 9.188653%
Pe[11] = 8.349130%
Pe[12] = 8.531714%
Pe[13] = 7.959092%
Pe[14] = 8.332145%
請按任意鍵繼續 . . .