
SNR = 6.000000
BER = 1.182856e-004
Pe[0] = 8.722308%
Pe[1] = 7.008751%
Pe[2] = 5.334061%
Pe[3] = 7.130678%
Pe[4] = 8.794399%
Pe[5] = 8.662441%
Pe[6] = 7.176127%
Pe[7] = 3.631160%
Pe[8] = 6.763644%
Pe[9] = 5.165432%

Pe[10] = 6.934467%
Pe[11] = 7.022855%
Pe[12] = 5.319329%
Pe[13] = 7.157320%
Pe[14] = 5.177029%
請按任意鍵繼續 . . .