
SNR = 6.000000
BER = 1.038194e-004
Pe[0] = 5.504919%
Pe[1] = 7.033236%
Pe[2] = 5.945446%
Pe[3] = 6.565043%
Pe[4] = 6.615510%
Pe[5] = 5.886466%
Pe[6] = 4.366054%
Pe[7] = 4.922414%
Pe[8] = 5.587309%
Pe[9] = 5.071080%

Pe[10] = 10.092909%
Pe[11] = 8.984751%
Pe[12] = 7.360971%
Pe[13] = 8.861317%
Pe[14] = 7.202575%
請按任意鍵繼續 . . .