
SNR = 6.000000
BER = 1.032845e-004
Pe[0] = 5.264599%
Pe[1] = 6.840024%
Pe[2] = 5.815085%
Pe[3] = 6.335158%
Pe[4] = 7.195864%
Pe[5] = 5.933698%
Pe[6] = 4.221411%
Pe[7] = 4.820560%
Pe[8] = 5.711679%
Pe[9] = 5.413625%

Pe[10] = 9.005474%
Pe[11] = 8.299878%
Pe[12] = 8.570559%
Pe[13] = 8.175182%
Pe[14] = 8.397202%
請按任意鍵繼續 . . .