********************************************
Simulation started at  : 2009-09-16 12:50:20
SNR = 40.000000
BER = 1.850020e-001
FER = 6.060606e-001
Thr = 0.728465
SNR = 42.000000
BER = 5.964593e-002
FER = 2.222222e-001
Thr = 1.459931
